mes,cuota,intereses,capital,saldo
0,0,0,0,100000.0
1,11282.54,5000.0,6282.54,93717.46
2,11282.54,4685.87,6596.67,87120.79
3,11282.54,4356.04,6926.5,80194.29
4,11282.54,4009.71,7272.83,72921.46
5,11282.54,3646.07,7636.47,65285.0
6,11282.54,3264.25,8018.29,57266.7
7,11282.54,2863.34,8419.21,48847.5
8,11282.54,2442.37,8840.17,40007.33
9,11282.54,2000.37,9282.17,30725.16
10,11282.54,1536.26,9746.28,20978.87
11,11282.54,1048.94,10233.6,10745.28
12,11282.54,537.26,10745.28,0.0
