mes,cuota,intereses,capital,saldo
0,0,0,0,100000.0
1,10046.21,3000.0,7046.21,92953.79
2,10046.21,2788.61,7257.59,85696.2
3,10046.21,2570.89,7475.32,78220.87
4,10046.21,2346.63,7699.58,70521.29
5,10046.21,2115.64,7930.57,62590.72
6,10046.21,1877.72,8168.49,54422.23
7,10046.21,1632.67,8413.54,46008.69
8,10046.21,1380.26,8665.95,37342.75
9,10046.21,1120.28,8925.93,28416.82
10,10046.21,852.5,9193.7,19223.12
11,10046.21,576.69,9469.52,9753.6
12,10046.21,292.61,9753.6,0.0
